OSCAR 7 (AO-7)          
1 07530U 74089B   26278.59592911 -.00000039  00000+0  44466-4 0  9999
2 07530 101.9911 292.9943 0011945 281.0242 198.7430 12.53699863374352
PHASE 3B (AO-10)        
1 14129U 83058B   26276.14817977 -.00000150  00000+0  00000+0 0  9993
2 14129  25.9833 201.9435 5976563 145.2340 274.6807  2.05869834297718
UOSAT 2 (UO-11)         
1 14781U 84021B   26278.62458629  .00000764  00000+0  82925-4 0  9999
2 14781  97.8213 243.0680 0007704 167.2458 192.8957 14.91032098273580
LUSAT (LO-19)           
1 20442U 90005G   26278.55492763  .00000052  00000+0  35353-4 0  9991
2 20442  98.8801 303.3771 0010631 239.6754 120.3379 14.34147713918210
EYESAT A (AO-27)        
1 22825U 93061C   26278.40871050  .00000043  00000+0  33434-4 0  9995
2 22825  98.6768 345.7183 0009232 132.3612 227.8354 14.30964881722769
ITAMSAT (IO-26)         
1 22826U 93061D   26278.42508662  .00000046  00000+0  34141-4 0  9993
2 22826  98.6715 345.6637 0009949 117.1971 243.0227 14.31394090723084
RADIO ROSTO (RS15)      
1 23439U 94085A   26278.62254546 -.00000029  00000+0  37205-3 0  9997
2 23439  64.8134 124.6098 0159670 344.1280  15.4673 11.27584136308352
JAS-2 (FO-29)           
1 24278U 96046B   26278.47225781 -.00000005  00000+0  29873-4 0  9997
2 24278  98.5146 112.2186 0350001 170.0623 190.7679 13.53278662488087
TECHSAT 1B (GO-32)      
1 25397U 98043D   26278.55589998  .00000033  00000+0  34603-4 0  9998
2 25397  99.0170 274.1509 0000291 228.1466 131.9687 14.24445585467041
ISS (ZARYA)             
1 25544U 98067A   26278.49823670  .00005123  00000+0  10196-3 0  9994
2 25544  51.6314 114.1795 0006877 225.7345 134.3079 15.48742155588859
PCSAT (NO-44)           
1 26931U 01043C   26278.51369658  .00000048  00000+0  48788-4 0  9997
2 26931  67.0512 318.9101 0005993 274.4239  85.6178 14.31989120306242
SAUDISAT 1C (SO-50)     
1 27607U 02058C   26277.92760786  .00000492  00000+0  76005-4 0  9992
2 27607  64.5516 149.3997 0070781 242.2231 117.1687 14.83240500280730
CUTE-1 (CO-55)          
1 27844U 03031E   26277.97299507  .00000186  00000+0  99190-4 0  9990
2 27844  98.6771 285.1723 0008734 221.9892 138.0618 14.24389855207306
CUBESAT XI-IV (CO-57)   
1 27848U 03031J   26278.57909010  .00000148  00000+0  84210-4 0  9993
2 27848  98.6804 285.3945 0008442 240.9891 119.0442 14.23667535207083
MOZHAETS 4 (RS22)       
1 27939U 03042A   26278.62908480  .00000325  00000+0  58159-4 0  9992
2 27939  98.3477 106.1461 0009983 280.3925 168.8255 14.73622230231817
CUBESAT XI-V            
1 28895U 05043F   26278.39834367  .00000939  00000+0  15486-3 0  9999
2 28895  98.3125  76.4517 0013365 211.8950 148.1449 14.72863710117971
CUTE-1.7+APD II (CO-65) 
1 32785U 08021C   26278.58995804  .00003955  00000+0  24529-3 0  9995
2 32785  97.8404 262.4546 0009247  23.7097 336.4556 15.10308216  1862
SEEDS II (CO-66)        
1 32791U 08021J   26278.53591691  .00018349  00000+0  52249-3 0  9996
2 32791  97.7575 282.0353 0000295 345.0668  15.0566 15.36168680  4208
YUBILEINY (RS30)        
1 32953U 08025A   26278.59484751  .00000063  00000+0  37860-3 0  9990
2 32953  82.4994 286.7655 0020665  72.0739 288.2592 12.43183558833411
KKS-1 (KISEKI)          
1 33499U 09002H   26278.55495938  .00000820  00000+0  10690-3 0  9990
2 33499  98.1180 202.7452 0006594 298.6054  61.4495 14.83351942952552
SWISSCUBE               
1 35932U 09051B   26278.58753752  .00000592  00000+0  12615-3 0  9997
2 35932  98.3942 188.3496 0005661 222.9271 137.1489 14.62651235905294
BEESAT-1                
1 35933U 09051C   26278.31328029  .00000562  00000+0  12223-3 0  9996
2 35933  98.3867 187.4715 0004010 240.1875 119.8927 14.61863047905271
ITUPSAT1                
1 35935U 09051E   26277.71594026  .00000428  00000+0  98064-4 0  9992
2 35935  98.3947 185.9376 0006174 258.7642 101.2864 14.60571746904723
XIWANG-1 (HOPE-1)       
1 36122U 09072B   26278.59444164  .00000059  00000+0  27054-3 0  9998
2 36122 100.4166 230.7145 0007457 347.3454  12.7471 13.16442967807537
O/OREOS (USA 219)       
1 37224U 10062C   26278.48125319  .00001186  00000+0  11667-3 0  9994
2 37224  71.9704 190.4270 0015758 221.0463 138.9523 14.94095224133115
JUGNU                   
1 37839U 11058B   26277.92411402  .00000389  00000+0  63330-4 0  9990
2 37839  19.9619   1.7145 0018373 208.3160 309.4556 14.13803034774576
SRMSAT                  
1 37841U 11058D   26278.23206073  .00000353  00000+0  47825-4 0  9996
2 37841  19.9709 113.3727 0011724 334.9905 182.4544 14.11596284773389
STRAND-1                
1 39090U 13009E   26278.47396649  .00000178  00000+0  74029-4 0  9998
2 39090  98.3970  96.0443 0007486 260.3891  99.6450 14.37214959712906
ZACUBE-1 (TSHEPISOSAT)  
1 39417U 13066B   26278.62971487  .00002948  00000+0  22688-3 0  9990
2 39417  97.8192 241.5838 0037521 240.4222 119.3261 15.01942941697301
GOMX-1                  
1 39430U 13066Q   26278.62284378  .00000899  00000+0  13998-3 0  9998
2 39430  97.6423 112.1235 0129436  82.5365 279.0527 14.69743985686133
CUBEBUG-2 (LO-74)       
1 39440U 13066AA  26278.43224706  .00003285  00000+0  30097-3 0  9998
2 39440  97.9022 227.9858 0057672  23.2293 337.1514 14.94385903693457
FUNCUBE-1 (AO-73)       
1 39444U 13066AE  26278.44507374  .00005686  00000+0  34169-3 0  9999
2 39444  97.8417 252.3841 0034946 185.0638 175.0243 15.10789636696306
UWE-3                   
1 39446U 13066AG  26278.61208984  .00003132  00000+0  26680-3 0  9998
2 39446  97.8824 235.5514 0047295 312.2364  47.4849 14.97678222694103
UNISAT-6                
1 40012U 14033C   26278.44810979  .00001804  00000+0  19547-3 0  9996
2 40012  97.8028  69.3592 0045743  65.6665 294.9318 14.88704788662560
QB50P1                  
1 40025U 14033R   26278.55437488  .00006126  00000+0  29065-3 0  9990
2 40025  98.0960 297.5657 0007946 196.7560 163.3412 15.19660469669789
LILACSAT-2              
1 40908U 15049K   26278.63297887  .00017910  00000+0  26929-3 0  9993
2 40908  97.4532 319.8786 0005989 190.5389 169.5740 15.54896782612894
FOX-1A (AO-85)          
1 40967U 15058D   26278.40259785  .00001942  00000+0  17537-3 0  9991
2 40967  64.7729 296.3130 0140599  15.6532 344.8859 14.91449705130006
CAS-2T & KS-1Q          
1 41847U 16066G   26278.49307077  .00000915  00000+0  13611-3 0  9994
2 41847  98.3731 352.9467 0341672 154.6358 207.2055 14.44880760520727
RADFXSAT (FOX-1B)       
1 43017U 17073E   26278.62304743  .00007874  00000+0  33475-3 0  9997
2 43017  97.4519 143.5817 0145117 307.2552  51.5516 15.14177177482091
DIWATA-2B               
1 43678U 18084H   26278.59139016  .00001156  00000+0  96157-4 0  9992
2 43678  98.1160 119.6583 0013109 161.4309 198.7394 15.00776066432778
ES'HAIL 2               
1 43700U 18090A   26278.53581267  .00000000  00000+0  00000+0 0  9992
2 43700   0.0226 183.8914 0001300  40.9485   8.0455  1.00271215 28780
FOX-1CLIFF (AO-95)      
1 43770U 18099N   26278.11278734  .00010883  00000+0  39172-3 0  9990
2 43770  97.4260 338.0404 0007005 327.3977  32.6830 15.28745467430001
ITASAT                  
1 43786U 18099AE  26278.38006357  .00005909  00000+0  27540-3 0  9995
2 43786  97.3909 327.7079 0011209 334.2790  25.7887 15.20205335429641
JY1SAT (JO-97)          
1 43803U 18099AX  26277.91811572  .00019664  00000+0  54756-3 0  9998
2 43803  97.4005 341.3143 0004393 222.3101 137.7805 15.36835297430461
UWE-4                   
1 43880U 18111E   26278.57922867  .00040460  00000+0  64369-3 0  9990
2 43880  97.5833 212.6196 0003183 295.2231  64.8691 15.53188765427877
TIANYAN 01              
1 44881U 19093C   26278.56670921  .00001192  00000+0  13995-3 0  9990
2 44881  97.7429 348.0518 0015119  84.3859 275.9081 14.86656543367813
RS-44 & BREEZE-KM R/B   
1 44909U 19096E   26278.47271896  .00000030  00000+0  82351-4 0  9995
2 44909  82.5166 266.4133 0216372 246.4103 111.4144 12.79749633316458
SALSAT                  
1 46495U 20068K   26278.57211251  .00006483  00000+0  21820-3 0  9999
2 46495  97.8888 288.4997 0007565 275.7985  84.2392 15.31144676332241
XW-3 (CAS-9)            
1 50466U 21131B   26278.63607590  .00000496  00000+0  16660-3 0  9990
2 50466  98.4965  10.4215 0005191 119.7331 240.4375 14.41438645251023
GREENCUBE (IO-117)      
1 53109U 22080E   26276.97409515 -.00000003  00000+0  00000+0 0  9995
2 53109  70.1208 260.3996 0009162 266.6515  93.3097  6.42583783 99052
UMKA 1 (RS40S)          
1 57172U 23091G   26278.59190747  .00005008  00000+0  22289-3 0  9992
2 57172  97.4929 336.8690 0014021  94.3590 265.9248 15.21844039180795
CUBESX-HSE 3 (RS42S)    
1 57178U 23091N   26278.59116847  .00012646  00000+0  39077-3 0  9996
2 57178  97.4978 345.6960 0010987  65.2559 294.9825 15.33608810181334
MONITOR-3 (RS58S)       
1 57180U 23091Q   26278.61623196  .00009572  00000+0  33444-3 0  9998
2 57180  97.4967 342.9498 0012360  73.4023 286.8574 15.29711050181163
MONITOR-4 (RS57S)       
1 57182U 23091S   26278.58884176  .00009937  00000+0  34608-3 0  9991
2 57182  97.4960 342.8996 0012366  73.7937 286.4663 15.29804412181163
MONITOR-2 (RS39S)       
1 57184U 23091U   26278.62762172  .00003821  00000+0  18169-3 0  9999
2 57184  97.4949 336.1831 0012546  89.2090 271.0582 15.19733674180729
SVYATOBOR 1 (RS60S)     
1 57187U 23091X   26278.57685115  .00007787  00000+0  28578-3 0  9997
2 57187  97.4973 343.0569 0010295  68.6269 291.6068 15.28188076181168
VIZARD-METEO (RS38S)    
1 57189U 23091Z   26278.58356497  .00016839  00000+0  43491-3 0  9997
2 57189  97.4983 350.4711 0007165  46.2155 313.9682 15.39182531181656
POLYTECH-UNIVERSE 3 (R*)
1 57191U 23091AB  26278.57339754  .00004291  00000+0  20202-3 0  9990
2 57191  97.4925 335.6347 0016755 103.9517 256.3582 15.19956645180711
UTMN 2 (RS27S)          
1 57203U 23091AP  26278.61545060  .00012337  00000+0  37213-3 0  9998
2 57203  97.4977 347.4877 0008161  55.5913 304.6100 15.34406795181464
KUZGTU 1 (RS47S)        
1 57217U 23091AV  26278.62273015  .00011357  00000+0  36897-3 0  9990
2 57217  97.4948 344.3295 0011500  69.5235 290.7240 15.32025930181275
SONATE-2                
1 59112U 24043Q   26278.38142099  .00070201  00000+0  63350-3 0  9991
2 59112  97.5632  76.3716 0005291 153.5685 206.5847 15.67918559145101
MESAT1                  
1 60209U 24125G   26278.59766489  .00133452  00000+0  72099-3 0  9997
2 60209  97.2063 139.6671 0007588 144.4258 215.7517 15.79710281126890
GRBBETA                 
1 60237U 24128C   26278.49976486  .00002498  00000+0  17803-3 0  9997
2 60237  61.9896 189.0347 0024327 159.0471 201.1625 15.07272683122896
OOV-CUBE (TUBSAT-30)    
1 60240U 24128F   26278.49560419  .00001124  00000+0  97666-4 0  9997
2 60240  61.9942 200.8143 0028772 159.7183 200.5059 15.03152692122698
COLIBRI-S (RS67S)       
1 61746U 24199M   26278.59131071  .00023448  00000+0  38875-3 0  9995
2 61746  97.2756 153.6766 0005484 225.5456 134.5349 15.52131031154513
HORS 3 (RS81S)          
1 61753U 24199U   26278.62291373  .00048973  00000+0  53330-3 0  9992
2 61753  97.2762 157.1874 0003498 194.2012 165.9149 15.63278239154767
HORS 4 (RS82S)          
1 61754U 24199V   26278.63217488  .00084228  00000+0  62829-3 0  9995
2 61754  97.2685 159.4115 0003791 165.3886 194.7488 15.72488069154927
SIT-2086                
1 61764U 24199AF  26278.60663824  .00045541  00000+0  53427-3 0  9991
2 61764  97.2719 157.2612 0004723 182.4672 177.6564 15.61360096151618
ALTAIR (RS65S)          
1 61779U 24199AW  26278.59037960  .00007620  00000+0  20020-3 0  9990
2 61779  97.2841 147.2515 0010179 268.4947  91.5133 15.38841271154086
ASRTU-1 (AO-123)        
1 61781U 24199AY  26278.62478137  .00007272  00000+0  20217-3 0  9993
2 61781  97.2808 146.3023 0011423 272.5651  87.4286 15.37091319150883
SAMSAT-IONOSPHERE (RS7*)
1 61784U 24199BB  26278.63001793  .00073900  00000+0  63352-3 0  9995
2 61784  97.2713 157.8572 0004850 197.4481 162.6615 15.69168858154816
RTU MIREA 1 (RS51S)     
1 61785U 24199BC  26278.59951659  .00128935  00000+0  76882-3 0  9997
2 61785  97.2689 159.5309 0004611 176.4569 183.6731 15.77538528151773
LASARSAT                
1 62391U 24247Q   26278.51698087  .00044597  00000+0  68551-3 0  9995
2 62391  44.9733 358.9867 0009802 323.1518  36.8700 15.53537553100435
CROCUBE                 
1 62394U 24247T   26277.50446834  .00047886  00000+0  65549-3 0  9995
2 62394  44.9705 359.7387 0010348 328.4210  31.6061 15.56657973100331
TEVEL2-4                
1 63213U 25052D   26278.63950105  .00019933  00000+0  53126-3 0  9997
2 63213  97.3741 175.4042 0004771  79.8204 280.3579 15.38189140 87076
TEVEL2-5                
1 63214U 25052E   26278.21917119  .00024060  00000+0  64571-3 0  9993
2 63214  97.3733 174.8935 0004682  82.1293 278.0484 15.37938303 87002
TEVEL2-6                
1 63215U 25052F   26278.62427611  .00019332  00000+0  51985-3 0  9993
2 63215  97.3744 175.2858 0004642  82.3549 277.8223 15.37921723 87068
TEVEL2-1                
1 63217U 25052H   26278.24080558  .00022665  00000+0  62240-3 0  9997
2 63217  97.3713 174.3821 0004901  90.1554 270.0252 15.37235911 86981
TEVEL2-3                
1 63218U 25052J   26278.62105932  .00018944  00000+0  51928-3 0  9990
2 63218  97.3718 174.8031 0004650  89.7281 270.4496 15.37330582 87049
TEVEL2-2                
1 63219U 25052K   26278.63077366  .00018116  00000+0  49779-3 0  9993
2 63219  97.3713 174.7783 0004945  89.7168 270.4644 15.37263662 87048
OTP-2                   
1 63235U 25052AB  26278.22488497  .00007273  00000+0  29183-3 0  9996
2 63235  97.3700 169.0142 0007527 124.5184 235.6766 15.25256164 86631
TEVEL2-9                
1 63237U 25052AD  26278.63072865  .00016779  00000+0  49594-3 0  9990
2 63237  97.3775 173.8894 0007940 102.8169 257.3962 15.34975567 86952
TEVEL2-7                
1 63238U 25052AE  26278.63063989  .00016149  00000+0  48325-3 0  9990
2 63238  97.3779 173.7520 0007865 104.2962 255.9155 15.34594401 86946
TEVEL2-8                
1 63239U 25052AF  26278.63977606  .00016349  00000+0  48932-3 0  9997
2 63239  97.3774 173.7353 0008078 102.0664 258.1485 15.34584697 86945
INNOSAT 16 (RS92S7)     
1 64878U 25155C   26278.62425640  .00004600  00000+0  17891-3 0  9993
2 64878  97.4716 245.5734 0011147 147.3734 212.8195 15.26485426 97515
GEOSCAN 6 (RS92S6)      
1 64879U 25155D   26278.62934107  .00009083  00000+0  29577-3 0  9991
2 64879  97.4699 247.8508 0008890 133.7547 226.4432 15.32044471 97661
GEOSCAN 1 (RS92S1)      
1 64880U 25155E   26278.58253945  .00010326  00000+0  32793-3 0  9998
2 64880  97.4694 248.0610 0008796 133.4458 226.7517 15.32809159 97678
239ALFEROV (RS61S)      
1 64881U 25155F   26278.63034717  .00013660  00000+0  39508-3 0  9994
2 64881  97.4688 249.0967 0008535 130.4238 229.7751 15.35703092 97745
GEOSCAN 2 (RS92S2)      
1 64890U 25155Q   26278.62329559  .00009919  00000+0  31275-3 0  9999
2 64890  97.4694 248.2962 0008479 121.7359 238.4710 15.33052970 97698
GEOSCAN 5 (RS92S5)      
1 64891U 25155R   26278.59790020  .00014318  00000+0  41030-3 0  9990
2 64891  97.4682 249.2413 0007396 132.7023 227.4844 15.35992098 97754
GEOSCAN 4 (RS92S4)      
1 64892U 25155S   26278.63424206  .00013745  00000+0  39142-3 0  9990
2 64892  97.4687 249.3645 0007284 131.9438 228.2428 15.36198693 97763
GEOSCAN 3 (RS92S3)      
1 64893U 25155T   26278.59675777  .00017917  00000+0  46642-3 0  9995
2 64893  97.4670 250.1327 0007387 129.9574 230.2321 15.38923404 97814
INNOSAT 3 (RS92S0)      
1 64894U 25155U   26278.59777517  .00045876  00000+0  75138-3 0  9998
2 64894  97.4611 253.4903 0007262 120.9557 239.2410 15.52326516 98041
KNACKSAT-2              
1 67683U 98067YA  26278.22736150  .00096553  00000+0  73654-3 0  9996
2 67683  51.6238  96.5702 0008629 253.3834 106.6216 15.71385225 37516
MARINA                  
1 69920U 26156BD  26278.47318257  .00001600  00000+0  16240-3 0  9990
2 69920  97.7427 177.4352 0006494 205.2263 154.8640 14.92224920 13441
