DMSP 5D-3 F16 (USA 172) 
1 28054U 03048A   26282.83892655  .00000056  00000+0  53045-4 0  9991
2 28054  98.9835 307.3983 0007153 174.3005 301.6182 14.14494127185699
METEOSAT-9 (MSG-2)      
1 28912U 05049B   26281.96095569  .00000117  00000+0  00000+0 0  9995
2 28912   9.6163  53.0147 0001609   0.6067 355.6073  1.00273438  8133
DMSP 5D-3 F17 (USA 191) 
1 29522U 06050A   26282.86280917  .00000100  00000+0  73890-4 0  9993
2 29522  98.7426 287.1140 0011221  88.8418 271.4041 14.15013986 28642
FENGYUN 3A              
1 32958U 08026A   26281.80693009  .00000050  00000+0  44041-4 0  9998
2 32958  98.6973 220.5499 0009038 154.2009 205.9620 14.19590724951521
EWS-G3 (GOES 14)        
1 35491U 09033A   26282.89183353  .00000036  00000+0  00000+0 0  9994
2 35491   1.9805  81.4109 0002125 115.9133 207.2431  1.00071623  7739
DMSP 5D-3 F18 (USA 210) 
1 35951U 09057A   26282.84001961  .00000165  00000+0  10829-3 0  9997
2 35951  98.9187 263.4388 0010037 288.3938  71.6143 14.14950202875801
EWS-G2 (GOES 15)        
1 36411U 10008A   26282.81975774  .00000013  00000+0  00000+0 0  9994
2 36411   1.5877  81.7155 0004655  92.8552 202.3333  1.00273506 60784
FENGYUN 3B              
1 37214U 10059A   26282.88917944 -.00000249  00000+0 -10540-3 0  9991
2 37214  98.9505 329.3197 0021361 219.5919 313.6115 14.14859083823644
SUOMI NPP               
1 37849U 11061A   26282.87958777  .00000060  00000+0  49443-4 0  9991
2 37849  98.8048 223.0097 0002103  28.1363 331.9926 14.19537636774716
METEOSAT-10 (MSG-3)     
1 38552U 12035B   26282.73595072 -.00000011  00000+0  00000+0 0  9993
2 38552   4.9396  60.3713 0000783 139.1737  83.9546  1.00275624 52004
METOP-B                 
1 38771U 12049A   26282.85555619  .00000076  00000+0  54607-4 0  9994
2 38771  98.6373 331.9938 0002704  39.8295 320.3080 14.21463652729557
INSAT-3D                
1 39216U 13038B   26282.83284448 -.00000347  00000+0  00000+0 0  9990
2 39216   2.2161  80.9586 0001785 133.5355 233.3078  1.00270423 48239
FENGYUN 3C              
1 39260U 13052A   26282.88752825  .00000077  00000+0  60089-4 0  9996
2 39260  98.5155 251.5800 0015645  55.7165 304.5488 14.15776141674798
METEOR-M 2              
1 40069U 14037A   26282.88024726 -.00000239  00000+0 -90100-4 0  9990
2 40069  98.5275 254.6414 0006932  66.9833 293.2075 14.21488002635617
HIMAWARI-8              
1 40267U 14060A   26282.83501116 -.00000285  00000+0  00000+0 0  9999
2 40267   0.0518  52.5600 0001285 183.0915 224.0821  1.00271896 43916
FENGYUN 2G              
1 40367U 14090A   26282.87892104 -.00000304  00000+0  00000+0 0  9999
2 40367   5.9237  71.3742 0004299 189.4777 173.4901  1.00262422 43156
METEOSAT-11 (MSG-4)     
1 40732U 15034A   26280.67086525  .00000053  00000+0  00000+0 0  9992
2 40732   3.4780  70.2824 0000462 107.3282  89.8651  1.00280226  8341
ELEKTRO-L 2             
1 41105U 15074A   26282.23406588 -.00000124  00000+0  00000+0 0  9990
2 41105   6.9758  69.0767 0002536 199.6133 178.9028  1.00270719 39656
SENTINEL-3A             
1 41335U 16011A   26282.80875286  .00000064  00000+0  44401-4 0  9995
2 41335  98.6249 348.5341 0001303 102.8875 257.2451 14.26739247554401
INSAT-3DR               
1 41752U 16054A   26282.84577941 -.00000086  00000+0  00000+0 0  9993
2 41752   0.0988  85.9815 0012448 179.2912 131.6732  1.00271533 36961
HIMAWARI-9              
1 41836U 16064A   26280.19786900 -.00000292  00000+0  00000+0 0  9999
2 41836   0.0217 309.3604 0001025 281.7521 356.7477  1.00272002 36331
GOES 16                 
1 41866U 16071A   26282.26224485 -.00000102  00000+0  00000+0 0  9995
2 41866   0.6187  83.9509 0002140 149.1984 134.4532  1.00271404 36242
FENGYUN 4A              
1 41882U 16077A   26282.83154448 -.00000365  00000+0  00000+0 0  9994
2 41882   2.6072  78.8130 0008438 168.3321 193.8374  1.00274188 36089
CYGFM05                 
1 41884U 16078A   26282.85452814  .00030130  00000+0  33611-3 0  9997
2 41884  34.9554 218.4307 0005642 192.5720 167.4866 15.61738346546664
CYGFM04                 
1 41885U 16078B   26282.79064367  .00048014  00000+0  40834-3 0  9998
2 41885  34.9304 179.8119 0006063 249.8566 110.1510 15.68442777546962
CYGFM02                 
1 41886U 16078C   26282.12714511  .00050969  00000+0  34773-3 0  9996
2 41886  34.9385 174.4654 0006911 255.4730 104.5233 15.73652560547076
CYGFM01                 
1 41887U 16078D   26282.85010801  .00031543  00000+0  33979-3 0  9992
2 41887  34.9383 218.4730 0005207 190.1929 169.8692 15.62629659546625
CYGFM08                 
1 41888U 16078E   26282.83485429  .00036911  00000+0  34283-3 0  9996
2 41888  34.9417 194.5995 0006993 224.2393 135.7775 15.66317297546921
CYGFM07                 
1 41890U 16078G   26282.84943265  .00038212  00000+0  35280-3 0  9991
2 41890  34.9427 182.7244 0006342 244.1660 115.8413 15.66465617546958
CYGFM03                 
1 41891U 16078H   26282.82166617  .00043439  00000+0  40117-3 0  9990
2 41891  34.9387 184.8252 0005323 235.2984 124.7242 15.66446163546925
FENGYUN 3D              
1 43010U 17072A   26282.87950449 -.00000375  00000+0 -15545-3 0  9990
2 43010  99.0282 259.4565 0002559  81.5810 278.5655 14.19758070461269
NOAA 20 (JPSS-1)        
1 43013U 17073A   26282.82289674  .00000023  00000+0  32081-4 0  9997
2 43013  98.7858 221.3002 0000521  31.8414 328.2793 14.19529844460738
GOES 17                 
1 43226U 18022A   26282.21924580 -.00000193  00000+0  00000+0 0  9993
2 43226   1.2255  83.7703 0001063 157.5041 126.0221  1.00272221 31561
SENTINEL-3B             
1 43437U 18039A   26282.15071563  .00000065  00000+0  44829-4 0  9991
2 43437  98.6247 348.0346 0000869  68.3640 291.7633 14.26737145440376
FENGYUN 2H              
1 43491U 18050A   26282.84607144 -.00000135  00000+0  00000+0 0  9997
2 43491   3.3204  77.6211 0002996 157.7975 166.8857  1.00269602 30589
METOP-C                 
1 43689U 18087A   26282.87055561  .00000073  00000+0  53319-4 0  9995
2 43689  98.7301 340.5550 0000522 135.4681 224.6538 14.21477183411126
GEO-KOMPSAT-2A          
1 43823U 18100A   26281.48105633 -.00000358  00000+0  00000+0 0  9994
2 43823   0.0357  24.1859 0001281 112.5737 181.7946  1.00269461 28762
METEOR-M2 2             
1 44387U 19038A   26282.88536110 -.00000008  00000+0  16259-4 0  9994
2 44387  98.9269 271.9324 0002217  63.8888 296.2518 14.24390843377628
ARKTIKA-M 1             
1 47719U 21016A   26282.13282354 -.00000147  00000+0  00000+0 0  9997
2 47719  63.2892  40.8641 7326986 270.4574  14.3120  2.00636482 41077
FENGYUN 3E              
1 49008U 21062A   26282.85105266  .00000048  00000+0  43389-4 0  9997
2 49008  98.7555 285.0130 0002633 105.2807 254.8660 14.19912693272858
GOES 18                 
1 51850U 22021A   26282.30736036  .00000085  00000+0  00000+0 0  9995
2 51850   0.0184  22.5887 0000508 246.8881  82.1229  1.00273019  7730
NOAA 21 (JPSS-2)        
1 54234U 22150A   26282.85384429  .00000036  00000+0  37962-4 0  9990
2 54234  98.7140 219.7434 0001084 191.1258 168.9895 14.19552544202818
METEOSAT-12 (MTG-I1)    
1 54743U 22170C   26282.80710435 -.00000016  00000+0  00000+0 0  9999
2 54743   0.7609  23.2418 0003164  92.4206 193.0367  1.00276029 14128
TIANMU-1 03             
1 55973U 23039A   26282.86053895  .00015510  00000+0  27585-3 0  9991
2 55973  97.5253 101.6301 0003577  62.0676 298.0937 15.50251984198582
TIANMU-1 04             
1 55974U 23039B   26282.86630675  .00015907  00000+0  27585-3 0  9999
2 55974  97.5178 100.8056 0004242  40.1374 320.0191 15.50959328198607
TIANMU-1 05             
1 55975U 23039C   26282.84742406  .00015643  00000+0  27908-3 0  9990
2 55975  97.5242 101.1877 0003231  69.3116 290.8481 15.50162178198569
TIANMU-1 06             
1 55976U 23039D   26282.81361228  .00015782  00000+0  27499-3 0  9996
2 55976  97.5249 101.9093 0002913  64.7350 295.4203 15.50831009198592
FENGYUN 3G              
1 56232U 23055A   26272.26318046  .00016751  00000+0  25793-3 0  9990
2 56232  49.9916 169.2876 0010954  97.6393 262.5820 15.54217677196188
METEOR-M2 3             
1 57166U 23091A   26282.83645753 -.00000015  00000+0  12041-4 0  9999
2 57166  98.5956 335.3926 0003852 180.5785 179.5391 14.24053732170837
TIANMU-1 07             
1 57399U 23101A   26282.85110122  .00005560  00000+0  18862-3 0  9993
2 57399  97.2472 330.8967 0004216  92.3042 267.8682 15.30915523179184
TIANMU-1 08             
1 57400U 23101B   26282.88306943  .00005636  00000+0  19113-3 0  9991
2 57400  97.2462 330.6816 0005452  80.9471 279.2387 15.30912648179183
TIANMU-1 09             
1 57401U 23101C   26282.86561226  .00005232  00000+0  17770-3 0  9996
2 57401  97.2420 330.0186 0005066  93.4773 266.7048 15.30900297179189
TIANMU-1 10             
1 57402U 23101D   26282.83231059  .00005185  00000+0  17581-3 0  9999
2 57402  97.2500 331.1599 0006253  90.3187 269.8771 15.30955012179174
FENGYUN 3F              
1 57490U 23111A   26282.83200588  .00000020  00000+0  30003-4 0  9998
2 57490  98.6728 350.6379 0001504 101.8981 258.2365 14.19953908165134
TIANMU-1 11             
1 58645U 23205A   26282.88999878  .00004792  00000+0  17822-3 0  9990
2 58645  97.3409 302.7069 0007410 328.5969  31.4827 15.27962180155033
TIANMU-1 12             
1 58646U 23205B   26282.88078679  .00004937  00000+0  18541-3 0  9998
2 58646  97.3399 302.3907 0005893 313.0643  47.0102 15.27637216155016
TIANMU-1 13             
1 58647U 23205C   26282.84723477  .00004355  00000+0  16395-3 0  9997
2 58647  97.3425 302.6720 0004347 289.0331  71.0438 15.27625905155002
TIANMU-1 14             
1 58648U 23205D   26282.89548850  .00004965  00000+0  18638-3 0  9992
2 58648  97.3365 301.8117 0005137 295.2670  64.8037 15.27650134155018
TIANMU-1 19             
1 58660U 23208A   26282.82446508  .00007604  00000+0  24017-3 0  9990
2 58660  97.4605  39.9040 0003378 263.5359  96.5498 15.33114969154886
TIANMU-1 20             
1 58661U 23208B   26282.83844939  .00008840  00000+0  26839-3 0  9999
2 58661  97.4551  40.6754 0005472 271.7694  88.2922 15.34312657154995
TIANMU-1 21             
1 58662U 23208C   26282.83848935  .00009494  00000+0  26512-3 0  9994
2 58662  97.4617  43.8857 0005482 263.1075  96.9545 15.36924552155169
TIANMU-1 22             
1 58663U 23208D   26282.84974424  .00006863  00000+0  22142-3 0  9991
2 58663  97.4601  39.7580 0002211 302.7248  57.3781 15.32471175154884
TIANMU-1 15             
1 58700U 24004A   26282.82712093  .00004191  00000+0  15788-3 0  9998
2 58700  97.4652 109.0864 0005748 297.7925  62.2731 15.27640836153279
TIANMU-1 16             
1 58701U 24004B   26282.87759936  .00004574  00000+0  17195-3 0  9990
2 58701  97.4604 108.3059 0004400 315.8938  44.1950 15.27658284153284
TIANMU-1 17             
1 58702U 24004C   26282.86189047  .00005178  00000+0  19378-3 0  9996
2 58702  97.4627 108.8183 0004374 326.6304  33.4659 15.27745632153270
TIANMU-1 18             
1 58703U 24004D   26282.84452161  .00005080  00000+0  19143-3 0  9997
2 58703  97.4644 109.0678 0004014 303.9260  56.1597 15.27529283153277
INSAT-3DS               
1 58990U 24033A   26282.82348442 -.00000166  00000+0  00000+0 0  9990
2 58990   0.0448  87.9479 0001301 109.0113 200.0214  1.00273043 48217
METEOR-M2 4             
1 59051U 24039A   26282.84044167 -.00000003  00000+0  18194-4 0  9992
2 59051  98.7173 240.7726 0006677 189.7643 170.3406 14.22439498135566
GOES 19                 
1 60133U 24119A   26282.79228431 -.00000258  00000+0  00000+0 0  9990
2 60133   0.0169  30.2334 0000647 250.5030 307.7205  1.00271981  8111
MTG-S1                  
1 64723U 25143A   26282.80719102 -.00000017  00000+0  00000+0 0  9992
2 64723   0.6506 336.9768 0003639 263.7500  68.1245  1.00270048  4560
METOP-SGA1              
1 65159U 25172A   26282.13053909  .00000026  00000+0  32150-4 0  9995
2 65159  98.7416 339.9225 0000866 104.4977 255.6296 14.21469427 59973
FENGYUN 3H              
1 65815U 25219A   26282.12521735  .00000024  00000+0  31843-4 0  9998
2 65815  98.6857 220.7131 0001570  84.6135 275.5221 14.19936009 53550
